Activities           
------------------------------------
Date      : 03-Jun-2026 16:57:23
------------------------------------

========================================================================
Generation    total_cost          duration      design variables 
==========    ============    ============      ========================
       1  220500                  68  	        14 	        15 	        15 	        20 	        30 	        24 	         9 	
       2  220500                  68  	        14 	        15 	        15 	        20 	        30 	        24 	         9 	
       3  220500                  68  	        14 	        15 	        15 	        20 	        30 	        24 	         9 	
       4  220500                  68  	        14 	        15 	        15 	        20 	        30 	        24 	         9 	
       5  220500                  68  	        14 	        15 	        15 	        20 	        30 	        24 	         9 	
       6  220500                  68  	        14 	        15 	        15 	        20 	        30 	        24 	         9 	
       7  220500                  68  	        14 	        15 	        15 	        20 	        30 	        24 	         9 	
       8  220500                  68  	        14 	        15 	        15 	        20 	        30 	        24 	         9 	
       9  220500                  68  	        14 	        15 	        15 	        20 	        30 	        24 	         9 	
      10  220500                  68  	        14 	        15 	        15 	        20 	        30 	        24 	         9 	

------------------------------
CPU time      :    19.5938 
