Activities           
------------------------------------
Date      : 03-Jun-2026 16:57:01
------------------------------------

========================================================================
Generation    total_cost          duration      design variables 
==========    ============    ============      ========================
       1  254300                  67  	        14 	        20 	        22 	        16 	        22 	        14 	         9 	
       2  227900                  65  	        14 	        18 	        15 	        16 	        24 	        24 	         9 	
       3  233500                  60  	        14 	        15 	        15 	        12 	        22 	        24 	         9 	
       4  233500                  60  	        14 	        15 	        15 	        12 	        22 	        24 	         9 	
       5  233500                  60  	        14 	        15 	        15 	        12 	        22 	        24 	         9 	
       6  233500                  60  	        14 	        15 	        15 	        12 	        22 	        24 	         9 	
       7  233500                  60  	        14 	        15 	        15 	        12 	        22 	        24 	         9 	
       8  233500                  60  	        14 	        15 	        15 	        12 	        22 	        24 	         9 	
       9  233500                  60  	        14 	        15 	        15 	        12 	        22 	        24 	         9 	
      10  233500                  60  	        14 	        15 	        15 	        12 	        22 	        24 	         9 	

------------------------------
CPU time      :    21.0938 
